Sí hay algún problema con el test escribir a ajuncosa ó abello-r
Has superado el límite máximo de movimientos [ 950 ] y has hecho -->     966
Te has excedido por 16 movimientos
Los siguientes números son con los que ha fallado tu programa : 

1109 30140 3965 21225 29212 1568 6460 8060 11255 24356
4859 17461 1518 256 558 16298 4452 1311 1799 8319
12135 6004 20884 3062 1834 7096 10070 4941 3681 1158
3738 33 1750 11866 2908 1895 1132 3496 2207 1212
5228 3546 50 597 24305 22126 14881 8682 4594 5553
23287 20875 266 2455 3377 8573 740 3944 13429 13187
21863 11011 23337 24205 16319 10951 6773 13863 919 16123
8190 6499 6521 1524 1271 7394 7945 24402 21511 20849
27909 4182 28251 21205 4349 24807 28008 7129 9937 1481
17113 22524 19951 10533 26155 30748 13897 3545 16393 2936

Para copiar y pegar en una línea:
1109 30140 3965 21225 29212 1568 6460 8060 11255 24356 4859 17461 1518 256 558 16298 4452 1311 1799 8319 12135 6004 20884 3062 1834 7096 10070 4941 3681 1158 3738 33 1750 11866 2908 1895 1132 3496 2207 1212 5228 3546 50 597 24305 22126 14881 8682 4594 5553 23287 20875 266 2455 3377 8573 740 3944 13429 13187 21863 11011 23337 24205 16319 10951 6773 13863 919 16123 8190 6499 6521 1524 1271 7394 7945 24402 21511 20849 27909 4182 28251 21205 4349 24807 28008 7129 9937 1481 17113 22524 19951 10533 26155 30748 13897 3545 16393 2936
